000000000000000000000000000000001100000100000100000001000010100000010001111110000100000111100000000000000
000000000000000000000000000000000000000000000000000000000000000000000000110000011000000100000010000010000
000000000000000000000000000000011000111100000110000011000001100000110000011000001100000110000000000000000
000000000000000000000000000000011000111100000110000011000001100000110000011000001100011111000000000000000
000000000000000000000000000000111100110010000001000000100000110000110000110000110000011111000000000000000
000000000000000000000000000000111000000010010001001000100100010001111000000000000100001000000000000000000
000000000000000000000000000000000000111111011111000000000000000000000000000000000000000000000100000000000
000000000000000000000000000001111100111000011111001101110000111011011101101110110111001111000000000000000
000000000000000000000000000000000000000010000011000000100000010000001000000100111111000001000000100000000
000000000000000000000000000000011000010010000001000001000000010000000100000100010010001110000000000000000
000000000000000000000000000000001000011000010100000010000001000000100000010000001100001111000000000000000
000000000000000000000000000000011000010010001001000100010010011000111000000000010010001110000000000000000
000000000000000000000000000000000100000110000111000010100010010000001001111110000010000001000000000000000
000000000000000000000000000001111000100000010000001111000100010000001000000100000010001110000000000000000
000000000000000000000000000000001000011100000010000001000000100000010000001000011111000000000000000000000
000000000000000000000000000000011000010010001001000000010000001001000000100000010010000110000000000000000
000000000000000000000000000000111110000111000011000001100000110000111000011100001110000110000000000000000
000000000000000000000000000000011100011000001000001111100110001011000100100010001110000000000000000000000
000000000000000000000000000000011100011111000001100000110000010000000000001000000000000111100111110000000
000000000000000000000000000000011100010011001000100100010010001001000100100010010011000111000000000000000
000000000000000000000000000000000100000010000011000000100010010000001001111110111111000001000000100000000
000000000000000000000000000001111100000011000001100000100001100000001100000110000011011111000000000000000
000000000000000000000000000000111100010000001000000111000000110000001000001100111100000000000000000000000
000000000000000000000000000000111000100010010001001000110100011010001001000100011100000000000000000000000
000000000000000000000000000000111100011110000000001110000111110000011000000100000000010000001111000000000
000000000000000000000000000000011110011001001000100110010001110000111100100010010000001000100011100000000
000000000000000000000000000000011100000011000000100000100000010000010000010000011111001111100000000000000
000000000000000000000000000000111100011110000000000111000000010000001000000100000000011100000000000000000
000000000000000000000000000000011000010010000000000000000010010000111000000100000100000100000000000000000
000000000000000000000000000001111110000010000001000001100000100000010000010000001000001100000000000000000
000000000000000000000000000000011100010001001000100011100001110001000100100010010001000111000000000000000
000000000000000000000000000000000110001100001000000111000100010010001001000110100010011001000111000000000
000000000000000000000000000000011100001110001111000101100110110011111101111110000110000011000000000000000
000000000000000000000000000000011000010010000000000110000001110000001000000000000010001110000000000000000
000000000000000000000000000000111000100110010001001000110011111000001000001100111100000000000000000000000
000000000000000000000000000000111100100010010001001000110100011010001101000100100010001111000000000000000
000000000000000000000000000000011000001100001010001001001000100111111000001000000100000000000000000000000
000000000000000000000000000000110001111000000100000010000001000000100000010001111111000000000000000000000
000000000000000000000000000000000100000110000111000000100000010000001000000100000010000001000000000000000
000000000000000000000000000001111100110000011000001111100000010000001000000100111100000000000000000000000
000000000000000000000000000000111100110011011001101100110110011001111100000110000010001110000000000000000
000000000000000000000000000000111100000011000001100011100000001000000101000110111110000000000000000000000
000000000000000000000000000000011100010000010000001111100100010010001101000110110010001111000000000000000
000000000000000000000000000000001100000110000101000100100100010011111100000100000010000001000000000000000
000000000000000000000000000000111110011111000001000000100000100000010000000000001000000100000000000000000
000000000000000000000000000000111100110011011001101000110100011011001101100100011110000000000000000000000
000000000000000000000000000000001000001100000100000111100010001001000100100010010001000111000000000000000
000000000000000000000000000001111000000110000010001110000000110000011000001100111100000000000000000000000
000000000000000000000000000000001000001100001110000101000100100000010011111100000100000010000000000000000
000000000000000000000000000000111100111110011111001111100011100011011001101100110110001111000000000000000
000000000000000000000000000000000000000000001111001000010100001010000101000010100001001111000000000000000
000000000000000000000000000000111000100110010001001000100100010011001000111100000100000100001100000000000
000000000000000000000000000000001100010000000000001011000100010010001001000100100010001110000000000000000
000000000000000000000000000000001000001100001010000001000000100000010000001000000100000010000000000000000
000000000000000000000000000001111100110000010000001111000110110000001000000100100110001110000000000000000
000000000000000000000000000000111000100000000001000001000000100000100000110000010000011111000000000000000
000000000000000000000000000000011100011011001101100001110000111000111000011000011100001111100000000000000
000000000000000000000000000001111000000110000011000001000001000001000001000000111110000000000000000000000
000000000000000000000000000000111000100010010001101000110011111000001000001100111100000000000000000000000
000000000000000000000000000000000000000000001111001100100110011000011000010000111111011111100000000000000
000000000000000000000000000000111100010111011011101101110110111011011101101110010111001111000000000000000
000000000000000000000000000000011000011110000001000001100001110000011000000110000001010001001111000000000
000000000000000000000000000000011100010001001000100000010000001000000100100010010000000111000000000000000
000000000000000000000000000000110000100100000010000001000001000000010000000100000100011110000000000000000
000000000000000000000000000000000100000010000011000010100010010001001001111110000010000001000000000000000
000000000000000000000000000000111110010000001000000111100000011000000100000010000011011111000000000000000
000000000000000000000000000000011100010001001000100111100010001011000101100010011110000000000000000000000
000000000000000000000000000000000000001110001001100100010000011000011000000010010001011001100111100000000
000000000000000000000000000000011110010000011000001111100110011011000100100110011110000000000000000000000
000000000000000000000011100000010000001000000100000010000001000000100000010000001000011111000000000000000
000000000000000000000000000001111110000010000011000001000001000001100000100000010000000000000000000000000
000000000000000000000000000000111100110111011000001111100111111011011101101110110111001111000000000000000
000000000000000000000000000000011100010010000000100000100000110000110000011000011000001111100000000000000
000000000000000000000000000001111110000010000001000001000000100000100000010000001000001000000000000000000
000000000000000000000000000000111100110011010001101100100011110010001101000110100011001111000000000000000
000000000000000000000000000000011100010011001000100100010001111000000100000010010011000111000000000000000
000000000000000000000000000000011100010001011000100110000011100000011000100110100001011001100111100000000
000000000000000000000000000000000000000000000010000111000000100000010000001000000100001111100000000000000
000000000000000000000000000000111100010011001001100001110001110000011100101110010111001111000000000000000
000000000000000000000000000000111000000010000001000000000001110000001000000000000010001110000000000000000
000000000000000000000000000000111100110110011011001101100110110011111000001100110110001111000000000000000
000000000000000000000000000001110001100100100011010001101100110011110000001000011000010000000000000000000
000000000000000000000000000000111000100110010011001101000011100010011001000100100110011110000000000000000
000000000000000000000000000000000000011110001111000000000111100000001000000110100011010001000111000000000
000000000000000000000000000000011000010010001001000100100001100001001000100010010010000111000000000000000
000000000000000000000000000000111110111111000000000000000000000000000000000000000000000000000010000000000
000000000000000000000000000001111000000010000001000000100000110000110000110000111111000000000000000000000
000000000000000000000000000000011100010000001000000111100010010000000100000010010010001110000000000000000
000000000000000000000000000000111110000010000010000001000000100000100000010000001000000100000000000000000
000000000000000000000000000001111000000110000011000001100000110000110000110000110000111111000000000000000
000000000000000000000000000001111110000011000011000001100001100000110000110000011000011000000000000000000
000000000000000000000000000000111100110010000001000000100001110000001100000110110011001111000000000000000
000000000000000000000000000000111100010010011000001000000111110011001001000110010010001111000000000000000
000000000000000000000000000001111110000010000011000001000001100000100000110000010000000000000000000000000
000000000000000000000000000000111100110010011001000111000110110010001101000110011110000000000000000000000
000000000000000000000000000000111000000010010001001000100100010010001001000100000010001110000000000000000
000000000000000000000000001000011000011000001000001111100110011011000101100010010011000111000000000000000
000000000000000000000000000000011100010010001000000011000010010001001100100010010010000110000000000000000
000000000000000000000000000000001000001100001110000101000100100111111100001000000100000000000000000000000
